00000000000000000000000000000000
00000000000000000000000000000000
00000000000000000000000000000000
10001000100010001000100010000000
10001000100010001000100010001000
10001000100010001000100010001000
11101111111011101111100010000000
11111110111111101110111110001000
11111111111011111110111011111000
00000000000000000000000000000000
00000000000000000000000000000000
00000000000000000000000000000000
10001000100010001000100010000000
10001000100010001000100010001000
10001000100010001000100010001000
11011101110111011101100010000000
11101101110111011101110110001000
11101110110111011101110111011000
00000000000000000000000000000000
00000000000000000000000000000000
00000000000000000000000000000000
10011001100110011001100110010000
10011001100110011001100110011001
10011001100110011001100110011001
11011101110111011101100110010000
11011101110111011101110110011001
11011101110111011101110111011001
