11001111000000001111100111111111
10011111010001100011101011110000
11101100001101110010111011110001
01001110100111110001000111010000
01111110110111100010011011010001
00110000000001010011111111100000
01100011110010101110110111101110
01110100000110111111011111110000
11100100010111100001011011100000
00010011010011100000111000010001
11010101010011110011111000011111
00000010000011010010000100100001
00010000110100110001001100011111
00101111111111010010011000000010
00000000110111110100110000000001
11011011000000100001110011110000
11111110000000100001001011110001
10010000000111110010111100000001
00110011010010111100001000000000
00100110001011101110001000010001
01010010110011011111001100000000
11101101000000101111010100000010
00101101000111111110011011110011
00100000101100100000101100011111
11001011000100111101101111110011
11011100001000101110110100000010
11001110111100111111101000011111
