00000000000000000000000000000000
00000000000000000000000000000000
00000000000000000000000000000000
00000000000000000000000000000000
00000000000000000000000000000000
00000000000000000000000000000000
00000000000000000000000000000000
01000100000001000100000001000101
00010100000010000100000000001001
00100100000010000100000000001010
00010000010010000100000000000110
00000000000000000000000000000000
00000000000000000000000000000000
00000000000000000100000000000110
00000000000000001000000000001011
00000000000000001000000000001111
00000000000000000100000000001011
00000000000000000000000000000000
00000000000000000000000000000000
00000100000000000100000000010111
00000100000000000100000000000111
00000100000000001000000000001011
00010100000000000100000000000111
00000000000000000000000000000000
00000000000000000000000000000000
00000000000000000100000100000101
00000100000000000100000100000101
00000100000000000100000100000101
00000000000000000000000101000101
00000000000000000000000000000000
00000000000000000000000000000000
00000000000000000000000000000000
00000000000000000000000000000000
00000000000000000000000000000000
00000000000000000000000000000000
00000000000000000000000000000000
