00000000000000000000000000000000
00000000000000000000000000000000
00000000000000000000000000000000
00000000000000000000000000000000
00000000000000000000000000000000
00000000000000000000000000000000
00000000000000000000000000000000
00000000000000000000000000000000
00000001000000000000000000000001
00000001000000000001000000110000
00000010000000000000000001010000
00000000000000000000000000000000
00000000000000000000000000000000
00000000000000110000000000000000
00110000000010000000000000000010
00000000000001000000000000010000
00000001000000000000000001010000
00000000000000000000000000000000
00000000000000000000000000000000
00110000000001000000001000010000
01100101000010010000000100000001
00001000000001100000000000000000
00001000000000000000000000010000
00000000000000000000000000000000
00000000000000000000000000000000
01000000000000010000000000110000
01100011000000100000000000000001
00100101000000110000000000110000
00010110000000010000000001000000
00000000000000000000000000000000
00000000000000000000000000000000
00000000000000000000000000000000
00000000000000000000000000000000
00000000000000000000000000000000
00000000000000000000000000000000
00000000000000000000000000000000
