00000000000000000000000000000000000000000100001100000000001100010000000000001001000000000000000000000000000000000000000000000000
00000000000000000000000000000000000000000011000000000000000111010000000000000010000000000000000000000000000100010000000000000000
00000000000000000000000000000000000000000010011100000000000001000000000001000001000000000000000000000000000100010000000000000000
00000000000000000000000001001011000000000100101100000000000001000000000000000000000000000010000100000000010010010000000000111110
00000000010000010000000000000000000000000100010000000000011100000000000000111011000000000000000000000000000010100000000000000000
00000000001101100000000000000000000000000000011100000000001110000000000000110101000000000000000000000000100001110000000000000000
00000000000000000000000000000000000000000000000000000000000000000000000001111001000000000000000000000000101000100000000000100001
00000000000000000000000000000000000000000000000000000000000000000000000000000001000000000000000000000000011101000000000001100011
00000000100000110000000000000000000000000000000000000000011100100000000000001001000000000000000000000000100000000000000000000000
00000000101000100000000000000000000000000000000000000000011100000000000000101101000000000100010100000000100101100000000000000000
00000000001011000000000000000000000000000000000000000000000000000000000001101110000000000111111100000000001001010000000000000000
00000000000000000000000000000000000000000001111100000000000000000000000000000000000000000001100100000000001011110000000001100100
00000000010101110000000000000000000000000000000000000000000000000000000000000000000000000000000000000000011100100000000000000000
00000000100000100000000000000000000000000010010000000000000000000000000000111110000000000010010000000000011001000000000000000000
00000000000111100000000000000000000000001010011100000000000000000000000010010001000000000111110100000000000000000000000000000000
00000000000000000000000000000000000000001000101000000000000000000000000000101011000000000111010000000000000000000000000000000000
