#col0row7[msb-lsb],col0row6[msb-lsb],....,col0row0[msb-lsb]#
#col1row7[msb-lsb],col1row6[msb-lsb],....,col1row0[msb-lsb]#
#................#
00000000000000000000000000000000
00000000000000000000000000000000
00000000000000000000000000000000
00000000000000000000000000000000
00000000000000000000000000000000
00010000001101100011000000000101
00000000000101110101000000001010
00000000000000000110000000001101
00000000000000000000000000000000
00000000010101010110000000000011
00000000011001001010000000000101
00000000000100000100000000000101
00000000000000000000000000000000
00000001010000000100000000000000
00000100010100000100000000000000
00001011000100000000000001000000
00000000000000000000000000000000
00000000000000000000000000000000
00000000000000000000000000000000
00000000000000000000000000000000
00010000001101100011000000000101
00000000000101110101000000001010
00000000000000000110000000001101
00000000000000000100000000001011
00000000010101010110000000000011
00000000011001001010000000000101
00000000000100000100000000000101
00000010000100000000000000000101
00000001010000000100000000000000
00000100010100000100000000000000
00001011000100000000000001000000
00001001001000000000000001100000
00000000000000000000000000000000
00000000000000000000000000000000
00000000000000000000000000000000
00000000000000000000000000000000
00000000000101110101000000001010
00000000000000000110000000001101
00000000000000000100000000001011
00000000000000000000000000000000
00000000011001001010000000000101
00000000000100000100000000000101
00000010000100000000000000000101
00000000000000000000000000000000
00000100010100000100000000000000
00001011000100000000000001000000
00001001001000000000000001100000
00000000000000000000000000000000
00000000000000000000000000000000
00010000001101100011000000000101
00000000000101110101000000001010
00000000000000000110000000001101
00000000000000000000000000000000
00000000010101010110000000000011
00000000011001001010000000000101
00000000000100000100000000000101
00000000000000000000000000000000
00000001010000000100000000000000
00000100010100000100000000000000
00001011000100000000000001000000
00000000000000000000000000000000
00000010000100100010000000000000
00010100000100110001000000000000
00000101000000100000000001000000
00010000001101100011000000000101
00000000000101110101000000001010
00000000000000000110000000001101
00000000000000000100000000001011
00000000010101010110000000000011
00000000011001001010000000000101
00000000000100000100000000000101
00000010000100000000000000000101
00000001010000000100000000000000
00000100010100000100000000000000
00001011000100000000000001000000
00001001001000000000000001100000
00000010000100100010000000000000
00010100000100110001000000000000
00000101000000100000000001000000
00000100000000000000000001010010
00000000000101110101000000001010
00000000000000000110000000001101
00000000000000000100000000001011
00000000000000000000000000000000
00000000011001001010000000000101
00000000000100000100000000000101
00000010000100000000000000000101
00000000000000000000000000000000
00000100010100000100000000000000
00001011000100000000000001000000
00001001001000000000000001100000
00000000000000000000000000000000
00010100000100110001000000000000
00000101000000100000000001000000
00000100000000000000000001010010
00000000000000000000000000000000
00000000000000000000000000000000
00000000010101010110000000000011
00000000011001001010000000000101
00000000000100000100000000000101
00000000000000000000000000000000
00000001010000000100000000000000
00000100010100000100000000000000
00001011000100000000000001000000
00000000000000000000000000000000
00000010000100100010000000000000
00010100000100110001000000000000
00000101000000100000000001000000
00000000000000000000000000000000
00000000000000000000000000000000
00000000000000000000000000000000
00000000000000000000000000000000
00000000010101010110000000000011
00000000011001001010000000000101
00000000000100000100000000000101
00000010000100000000000000000101
00000001010000000100000000000000
00000100010100000100000000000000
00001011000100000000000001000000
00001001001000000000000001100000
00000010000100100010000000000000
00010100000100110001000000000000
00000101000000100000000001000000
00000100000000000000000001010010
00000000000000000000000000000000
00000000000000000000000000000000
00000000000000000000000000000000
00000000000000000000000000000000
00000000011001001010000000000101
00000000000100000100000000000101
00000010000100000000000000000101
00000000000000000000000000000000
00000100010100000100000000000000
00001011000100000000000001000000
00001001001000000000000001100000
00000000000000000000000000000000
00010100000100110001000000000000
00000101000000100000000001000000
00000100000000000000000001010010
00000000000000000000000000000000
00000000000000000000000000000000
00000000000000000000000000000000
00000000000000000000000000000000
00000000000000000000000000000000
