#col0row7[msb-lsb],col0row6[msb-lsb],....,col0row0[msb-lsb]#
#col1row7[msb-lsb],col1row6[msb-lsb],....,col1row0[msb-lsb]#
#................#
00101110010011110000111111111111
00110100000000100000000110101101
01000000101011101100001000101111
10111011110000100000010100101111
11010100001100101110111001001101
01010100100111110010101100111100
00100000000111111011111100010010
00011011111011000011111100000100
11100100001110111011111111101110
00100110001000100001110000101101
00000001110111011101111100101110
00111111111000011101000101000000
11111110001100011101111000111101
00110001110100000101111100011110
00101111001001000010000000000010
00001111000011100001111100100101
11110100010110101011101111010000
11000010001000011101000100101011
00100101111100011101011000010000
01101100111100101100111100010010
11001110101111100100111101001100
10100001110011100010101111001011
10101110000100000100101100100001
11110000000000001011110111111111
00000010010000110001111001110011
00110001110100101111000100001101
11000000110111110010010100100000
11001111000101010011010100101111
00100101000111101111110000001101
00010100111111011111111110110101
00000001111111001100010011110011
11110100110111100011001001000100
11100011111100100000111001010010
00010101000100110000111001000001
10100100111111010010001000011110
00101110000100100010001100110000
00100001001111001110111111011110
00100100111001010011001111000101
00001111001000010011001111101101
00000010000000010011000001000110
11110011111111100001110100010100
11011111001011111100010011010000
11000100110100010001011011110000
01011110000000010010001000001111
00011101111110110001000011011110
00101110111001000001000010111111
11101111000011010100010011101100
00110000000100110000001000111011
11101110001000000010111100110011
00001100110101011101111101001110
01001111101011110010010100100010
10111101010110100101100100001110
01100010111000010100111000011011
11111111011010100010110111100001
11101010001111011001001011010010
01000000110111011011000100111110
11001111110100001111110000000001
11100010000101100001110100110100
00100001110011100001101100110001
00101100111110100101111111111111
01001110001011101110110100111111
00010000000000110100111011100011
11100001001111111111010000000000
00101111000111111100000001000101
11110100110000000000111000000000
10011110001000111111010111010101
00100010110111000011001110101100
01101111101111100010110110111110
00001100010111000000110001010001
00111111000100010000001010100010
11110001001000001110010011111111
01011010001111001011000100001110
