00000000000000000000000000100111000000000001010100000000000011100000000000000000000000000000000000000000010000010000000000000000
00000000000000000000000010010011000000001010001000000000000000000000000000000000000000000000000000000000011001100000000000000000
00000000000000000000000010010001000000001010110000000000000000000000000000000000000000000000000000000000010111000000000000000000
00000000000000000000000001110101000000001001001100000000000000000000000000000000000000000000000000000000010001100000000000000000
00000000000000000000000001110110000000001001110000000000000000000000000000000000000000000000000000000000010001100000000000000000
00000000000000000000000001110110000000001001100000000000000000000000000000000000000000000000000000000000010001110000000000000000
00000000000000000000000001111001000000001001100100000000000000000000000000000000000000000000000000000000010001000000000000000000
00000000000000000000000001111000000000001001111000000000000000000000000000000000000000000000000000000000010001000000000000000000

00000000000000000000000001110110000000001001101000000000000000000000000000000000000000000000000000000000010000010000000000000000
00000000000000000000000001110110000000001001101000000000000000000000000000000000000000000000000000000000010000010000000000000000
00000000000000000000000001111000000000001001111000000000000000000000000000000000000000000000000000000000010000000000000000000000
00000000000000000000000001110010000000001001011100000000000000000000000000000000000000000000000000000000010000100000000000000000
00000000000000000000000001101100000000001000101100000000000000000000000000000000000000000000000000000000010000110000000000000000
00000000000000000000000001110100000000001001010000000000000000000000000000000000000000000000000000000000010010100000000000000000
00000000000000000000000001111001000000001001101000000000000000000000000000000000000000000000000000000000010011000000000000000000
00000000000000000000000001110010000000001001011100000000000000000000000000000000000000000000000000000000010010000000000000000000