0000000000000111000000000000010100000000000000000000000000000000000000000000000000000000000000000000000000000000000000000001001000000000000000000000000000010100000000000011111100000000001110100000000000100010000000000000000000000000000111010000000000000000
0000000000001100000000000000010100000000000000000000000000000000000000000000000000000000000000000000000000000000000000000010011100000000000000000000000000000000000000000101110100000000001100000000000001010010000000000000000000000000001011010000000000000000
0000000000001101000000000000000000000000000000000000000000000000000000000000000000000000000000000000000000000000000000000001101100000000000000000000000000000000000000000110000000000000000100000000000000111111000000000000000000000000001101010000000000000000
0000000000011100000000000000000000000000000000000000000000000100000000000000000000000000000000000000000000000000000000000000100100000000000111010000000000000000000000000010011000000000000000000000000000101101000000000000000000000000000010110000000000000000
0000000000000000000000000000011100000000000000000000000000000000000000000000000000000000000000000000000000000000000000000011001000000000000000000000000000001111000000000100000000000000000110110000000000010010000000000000000000000000000010010000000000000000
0000000000011111000000000001100100000000000000000000000000000000000000000000000000000000000000000000000000000000000000000110110100000000000000000000000000000000000000000110001000000000000001010000000001000111000000000000000000000000000000000000000000000000
0000000000010101000000000000000000000000000000000000000000000000000000000000000000000000000000000000000000000000000000000101010100000000000000000000000000000000000000000111110100000000000000000000000000111100000000000000000000000000000001100000000000000000
0000000000100010000000000000000000000000000000000000000000000000000000000000000000000000000000000000000000000000000000000010011100000000000000000000000000000000000000000011101000000000000000000000000000101100000000000000000000000000000000000000000000000000
0000000000000000000000000000000000000000000000000000000000000000000000000000000000000000000000000000000000000000000000000100000100000000000000000000000000000000000000000010011000000000010110100000000000101000000000000000000000000000000000000000000000000000
0000000000100100000000000000000000000000000000000000000000000000000000000000000000000000000000000000000000000000000000001000000100000000000000000000000000000000000000000011011000000000011001010000000001110000000000000000000000000000000000000000000000000000
0000000000101001000000000000000000000000000000000000000000000000000000000000000000000000000000000000000000000000000000000111011100000000000000000000000000000000000000000011011100000000011000110000000001010010000000000000000000000000000000000000000000000000
0000000001000101000000000000000000000000000000000000000000000000000000000000000000000000000000000000000000000000000000000100100000000000000000000000000000000000000000000001000000000000000110100000000000111010000000000000001000000000000000000000000000000000
0000000000000000000000000000000000000000000000000000000000000000000000000000000000000000000000000000000000000000000000000010000100000000000001010000000000000000000000000100010000000000000111110000000000001100000000000000000000000000000000000000000000000000
0000000000000000000000000001100100000000000000000000000000000000000000000000000000000000000000000000000000000000000000000100000000000000000000000000000000000000000000000011111100000000001011110000000000111110000000000000000000000000000000000000000000000000
0000000000000000000000000001011000000000000000000000000000000000000000000000000000000000000000000000000000000000000000000011000100000000000000000000000000000000000000000100010000000000001101000000000000110010000000000000000000000000000000000000000000000000
0000000000100010000000000001110000000000000000000000000000000000000000000000000000000000000000000000000000000000000000000001111000000000000000000000000000000000000000000001101000000000000101010000000000011111000000000000010000000000000000000000000000000000
